111 3
112 4
121 4
211 4
113 5
122 5
131 5
212 5
221 5
311 5
114 6
123 6
132 6
141 6
213 6
222 6
231 6
312 6
321 6
411 6
115 7
124 7
133 7
142 7
151 7
214 7
223 7
232 7
241 7
313 7
322 7
331 7
412 7
421 7
511 7
116 8
125 8
134 8
143 8
152 8
161 8
215 8
224 8
233 8
242 8
251 8
314 8
323 8
332 8
341 8
413 8
422 8
431 8
512 8
521 8
611 8
126 9
135 9
144 9
153 9
162 9
216 9
225 9
234 9
243 9
252 9
261 9
315 9
324 9
333 9
342 9
351 9
414 9
423 9
432 9
441 9
513 9
522 9
531 9
612 9
621 9
136 10
145 10
154 10
163 10
226 10
235 10
244 10
253 10
262 10
316 10
325 10
334 10
343 10
352 10
361 10
415 10
424 10
433 10
442 10
451 10
514 10
523 10
532 10
541 10
613 10
622 10
631 10
146 11
155 11
164 11
236 11
245 11
254 11
263 11
326 11
335 11
344 11
353 11
362 11
416 11
425 11
434 11
443 11
452 11
461 11
515 11
524 11
533 11
542 11
551 11
614 11
623 11
632 11
641 11
156 12
165 12
246 12
255 12
264 12
336 12
345 12
354 12
363 12
426 12
435 12
444 12
453 12
462 12
516 12
525 12
534 12
543 12
552 12
561 12
615 12
624 12
633 12
642 12
651 12
166 13
256 13
265 13
346 13
355 13
364 13
436 13
445 13
454 13
463 13
526 13
535 13
544 13
553 13
562 13
616 13
625 13
634 13
643 13
652 13
661 13
266 14
356 14
365 14
446 14
455 14
464 14
536 14
545 14
554 14
563 14
626 14
635 14
644 14
653 14
662 14
366 15
456 15
465 15
546 15
555 15
564 15
636 15
645 15
654 15
663 15
466 16
556 16
565 16
646 16
655 16
664 16
566 17
656 17
665 17
666 18
